HILL CLIMB
====================================================================
Rank   p_rel  p_swap  p_reord   Wins   Points      Avg F1        Avg F2
--------------------------------------------------------------------
   1    0.80    0.10     0.10     11       27        3085        128852
   2    0.60    0.10     0.30     11       20        3090        128291
   3    0.70    0.10     0.20      9       22        3087        128447
   4    0.80    0.15     0.05      6       14        3086        126573
   5    0.70    0.15     0.15      6       12        3099        125560
   6    0.60    0.20     0.20      5        7        3112        123437
   7    0.50    0.10     0.40      4        7        3097        127815
   8    0.60    0.25     0.15      4        5        3113        121708
   9    0.50    0.20     0.30      4        4        3113        122509
  10    0.40    0.10     0.50      3        7        3098        128154
  11    0.60    0.15     0.25      3        4        3102        125487
  12    0.70    0.25     0.05      3        4        3118        120772
  13    0.40    0.20     0.40      3        3        3131        121941
  14    0.50    0.25     0.25      3        2        3120        120859
  15    0.70    0.20     0.10      3        2        3120        123384
  16    0.50    0.15     0.35      2        4        3110        125292
  17    0.40    0.15     0.45      2        3        3114        124861
  18    0.50    0.30     0.20      2        3        3134        119580
  19    0.40    0.25     0.35      2        0        3125        120507
  20    0.40    0.30     0.30      2        0        3140        119866
  21    0.60    0.30     0.10      2        0        3129        120329
====================================================================

Total wall time: 5047.5s

============================================================
BEST HYPERPARAMETERS
============================================================
  p_relocate = 0.80   -> threshold1 = 0.80
  p_swap     = 0.10   -> threshold2 = 0.90
  p_reorder  = 0.10
  Wins       = 11 / 50 testcases

Apply to solver_hillclimb.py:
  if move < 0.80:                     # RELOCATE
  elif move < 0.90 and nT >= 2: # SWAP
  else:                              # REORDER
GA


ACO